	ZAM2_s1_YZD	ZAM2_s2_YZD	ZAM2_s3_YZD	ZAM2_s4_YZD	ZAM2_s5_YZD	ZAM2_s6_YZD	ZAM2_s7_YZD	ZAM2_s8_YZD	ZAM2_s9_YZD	ZAM2_s10_YZD	ZAM2_s11_OZD	ZAM2_s12_OZD	ZAM2_s14_OZD	ZAM2_s15_OZD	ZAM2_s16_OZD	ZAM2_s17_OZD	ZAM2_s18_OZD	ZAM2_s19_OZD	ZAM2_s20_OZD	ZAM2_s21_YZA	ZAM2_s22_YZA	ZAM2_s23_YZA	ZAM2_s24_YZA	ZAM2_s25_YZA	ZAM2_s26_YZA	ZAM2_s27_YZA	ZAM2_s28_YZA	ZAM2_s29_YZA	ZAM2_s30_YZA	ZAM2_s31_OZA	ZAM2_s32_OZA	ZAM2_s34_OZA	ZAM2_s35_OZA	ZAM2_s36_OZA	ZAM2_s37_OZA	ZAM2_s38_OZA	ZAM2_s39_OZA	ZAM2_s40_YZD	ZAM2_s41_YZD	ZAM2_s42_YZD	ZAM2_s43_YZD	ZAM2_s44_YZD	ZAM2_s45_YZD	ZAM2_s46_YZD	ZAM2_s47_YZD	ZAM2_s48_YZD	ZAM2_s49_YZD	ZAM2_s50_OZD	ZAM2_s51_OZD	ZAM2_s53_OZD	ZAM2_s54_OZD	ZAM2_s55_OZD	ZAM2_s56_OZD	ZAM2_s57_OZD	ZAM2_s58_OZD	ZAM2_s59_OZD	ZAM2_s60_YZA	ZAM2_s61_YZA	ZAM2_s63_YZA	ZAM2_s64_YZA	ZAM2_s65_YZA	ZAM2_s66_YZA	ZAM2_s67_YZA	ZAM2_s69_YZA	ZAM2_s70_OZA	ZAM2_s71_OZA	ZAM2_s72_OZA	ZAM2_s73_OZA	ZAM2_s74_OZA	ZAM2_s75_OZA	ZAM2_s76_OZA	ZAM2_s77_OZA	ZAM2_s78_OZA
ZAM2_s1_YZD	0.0	0.15240001194782024	0.25428188333469903	0.21055564443566335	0.3676288620383448	0.23472953543168015	0.2771556992846328	0.21943783542252762	0.2927751382943083	0.27930460444207345	2.071885013898783	1.594635638404256	1.910712315140802	1.7398127534464758	2.0181833843170676	2.1880187763912784	1.8613564763189492	2.192069554961463	1.944430341397799	0.26708959727135606	0.3698648318593857	0.4461691844725638	0.27725258234861333	0.2759372609514777	0.49206633970923314	0.2278102710925516	0.3084926197809142	0.23658239973229717	0.3638696219093916	1.7754300407803039	1.2013508486230726	1.3104052329266669	2.0660623574097188	1.6719781992177045	1.821946948952421	1.6247755154422188	2.2269606988849477	0.22992815266066544	0.34178831187381253	0.052667038721294	0.1400120787315927	0.11596159310253416	0.31102140455823957	0.4290556976897401	0.2157869957018919	0.36371817466599754	0.3151766938854641	1.980535687028883	1.2294970435489998	1.851931788798991	1.2159226297998025	2.006617531323135	2.0296215945365135	1.7672401150173853	2.1195870041492317	2.156496361411427	0.16498519031902267	0.054720288129539336	0.16648282962264502	0.39471434453937676	0.5021180383800523	0.46893742339942546	0.5084993075669174	0.4106839503503996	1.4925186743280028	1.543116702940907	1.542384544883468	1.6628843036037533	2.011847001127159	1.9213497486429092	2.2315820421537027	1.5924674759556299	2.364186408531683
ZAM2_s2_YZD	0.15240001194782024	0.0	0.10372737911821642	0.11967127787203408	0.24763454792848805	0.16964096488429797	0.12477440298311197	0.12168928590968238	0.15074579691233272	0.13065311399160334	2.2127604650684796	1.7281296137028905	2.0525812976462032	1.8788310989333679	2.143921995895204	2.310192925081735	2.0007612933099286	2.332617947203113	2.082723653308886	0.1584221258905158	0.21942941128192545	0.3634067342961801	0.1939340369659209	0.18705373598289696	0.4246211742407937	0.07868253887098654	0.1631058473510825	0.1651850473850364	0.2832567124632355	1.9088969228350572	1.3294577260008558	1.4489531994857874	2.1933263726352297	1.8085755592055346	1.9625156321593484	1.766463630267391	2.3621946450673588	0.2977701102182156	0.23326218409587274	0.19436079962077385	0.2286113223252016	0.266395506619839	0.1742273136264566	0.2937002027258944	0.09401057404884952	0.21132410506674315	0.17819882312344562	2.121792157394403	1.3621659875976404	1.9892216097349222	1.342638627208359	2.1316802767202914	2.1578717873937743	1.9036032683620687	2.2571068329852375	2.295228049834288	0.29657188066712736	0.09827796777289632	0.19933501242873083	0.25083894722487166	0.3877147795600161	0.32400209766518223	0.6483228964055856	0.2841691261559704	1.6183148127227032	1.6775746951657893	1.6836494116577845	1.8010225217418854	2.153591839925275	2.0604352228090175	2.366208481263859	1.7319127757580868	2.4992420437327616
ZAM2_s3_YZD	0.25428188333469903	0.10372737911821642	0.0	0.16281561620008836	0.21886609045823194	0.21448889469156623	0.03278055960900957	0.15738493828306666	0.05855023671590699	0.07094229730484224	2.3156084029795525	1.8291198568775187	2.1556517288604358	1.981294117167798	2.2421298285372333	2.4069748565200473	2.103297334064908	2.435381279845908	2.184970515373118	0.16631345566399033	0.11582656462979325	0.3615170663381376	0.21717440130181614	0.20696779214160724	0.43121220910257324	0.05901333651757588	0.1038607318325713	0.2066253011298571	0.29205488270007995	2.0098156614553604	1.4289984173687187	1.5514050623983522	2.2920692997085035	1.9104302660314156	2.0653245422644226	1.8695298401293634	2.463539025696304	0.3870053530379407	0.221539928446746	0.29186862902462074	0.32678675264251644	0.3655609634453207	0.13312380025113701	0.23646211271275805	0.1187335670923005	0.11405757352177658	0.08974766527934402	2.224731006908976	1.4630921248042936	2.0912217600461362	1.4417094204905294	2.2296436521448335	2.2569793199815424	2.0053697818830383	2.3591215378254597	2.3975563989856674	0.3996007412903644	0.20119950454051003	0.2862307381536022	0.18133595486636528	0.35178388199453153	0.24744451563823824	0.7514616942742793	0.24144747349390752	1.716837909670303	1.7788688329697178	1.7866436561230072	1.9032831703599842	2.2566283906768976	2.162884819065072	2.467368456521796	1.8345046173022588	2.600508810367785
ZAM2_s4_YZD	0.21055564443566335	0.11967127787203408	0.16281561620008836	0.0	0.15824588522523145	0.053154325144378976	0.158177856386975	0.010944283166301338	0.22134318897790203	0.12655938347798887	2.193204957745888	1.6972552114825656	2.0354008034864477	1.8566170877871195	2.1010079212302286	2.26252418311289	1.9789068972333803	2.3121750164214414	2.0586393309725635	0.05748674184879266	0.2522385721634893	0.2479663905012047	0.07544946256525129	0.07024235228137311	0.306062018087414	0.1038418644513011	0.13625295320148662	0.046832387859490385	0.16604092968858367	1.8773652022950775	1.2929220902613252	1.4276163373379698	2.152263835433841	1.7823642659767167	1.9429721955808565	1.7497443230915195	2.332314857628994	0.24170003080730787	0.13128175103713988	0.26271919752999184	0.20649040013833067	0.32200414642172726	0.12038680559750285	0.22695087422955873	0.04441217808904907	0.22134423641603182	0.25254981046252467	2.103199437490938	1.331819271241434	1.963630856881685	1.3041933703229496	2.0879434480932386	2.1182034822009235	1.8766965263638664	2.2312611103370807	2.2714494573100903	0.2978264201917804	0.16377962434246596	0.14498662676628885	0.20674065676465708	0.29165216090270585	0.2785972748822213	0.638775034069631	0.2029281900868928	1.57721251390059	1.6483849397687675	1.6663736964159008	1.777481685476386	2.135916119100887	2.037836581741482	2.3353508563485197	1.7109711937879026	2.4688199717859
ZAM2_s5_YZD	0.3676288620383448	0.24763454792848805	0.21886609045823194	0.15824588522523145	0.0	0.15653098882880526	0.19116516220337043	0.14861250732460382	0.2616779886901601	0.14796583861398424	2.310917442413373	1.806113329529162	2.1555556298726546	1.9729257242784048	2.195744689507439	2.3512786384915327	2.0951523818863103	2.42883523299828	2.172638513707642	0.10084822416735464	0.234395308009872	0.15174134707009596	0.11345473518646382	0.10738184033093041	0.22502697696911841	0.18153101977678218	0.11809645839122354	0.14938899363198538	0.10936505641690772	1.984861279419729	1.398514818251149	1.5465047703882404	2.2488939016810163	1.895303634648412	2.061357261744083	1.871149538099322	2.440098941378345	0.3621695878930736	0.03902140699699556	0.41914533449408214	0.35254263640063416	0.4801732120984822	0.08575685816705754	0.08160149834208118	0.15674030685894927	0.18686487914602692	0.2873202208526126	2.221969866690574	1.44317050081251	2.076522346626128	1.4077524557181338	2.181797437748262	2.216463014092764	1.988645854412019	2.343169830149873	2.385184220547504	0.4476133546531533	0.3180603264236037	0.2824566038581655	0.10176675447534521	0.14009909450418864	0.1490217029496655	0.7741681025623813	0.04649482976422911	1.6761840103979944	1.7590802852719722	1.7876186703161712	1.892879507399409	2.255394840886505	2.1532448912263344	2.4421607208222302	1.8289208444531901	2.5757596489916423
ZAM2_s6_YZD	0.23472953543168015	0.16964096488429797	0.21448889469156623	0.053154325144378976	0.15653098882880526	0.0	0.20688432016897204	0.05711980101382167	0.27281322116796386	0.17067646426007177	2.1656954781939572	1.6658786793916462	2.008954897544883	1.8283803609185048	2.064850282823835	2.2246021739747337	1.9506871289579524	2.284233382056023	2.02948727143649	0.0719361502332141	0.2966433385571523	0.2118255541741607	0.04584992558753469	0.04935367164930862	0.2631477985189997	0.15553259941584913	0.17233526059344273	0.009300073684071502	0.12924126263681732	1.8455488160927433	1.260026054772142	1.4003247804803516	2.116733060085738	1.7526657609556622	1.9156874275333622	1.7237879714636206	2.30076472553099	0.21158878462599648	0.12107352047691627	0.2873225781683117	0.19626113664356495	0.338571577497429	0.1478840864355982	0.234714385420463	0.09585812493308477	0.2613744740002677	0.30399013201044367	2.076139133083242	1.3012020153410264	1.9339853842064227	1.2705592981374052	2.0515025759327234	2.083196522365048	1.8466316945086332	2.2013009540681696	2.242250444222186	0.29173314559600894	0.19553562602103688	0.1259729491605973	0.22809933028129578	0.27529490246349375	0.29480978721989165	0.6198204479370021	0.20301796348012152	1.5421820251049183	1.6177082206937887	1.640306686777828	1.7488182585808187	2.1091876096662032	2.0092750303691793	2.3034336912996545	1.6834006224633256	2.4369868862452164
ZAM2_s7_YZD	0.2771556992846328	0.12477440298311197	0.03278055960900957	0.158177856386975	0.19116516220337043	0.20688432016897204	0.0	0.15092017224511675	0.07282245304778925	0.04487035701303489	2.3301716119145284	1.840853505795006	2.170738388932991	1.9951588289568472	2.2508186632941056	2.414378721863322	2.117274458036451	2.4497550360811737	2.1984299429812486	0.15047013339685997	0.09950710655294294	0.3372643798605646	0.20284001626379988	0.1921451076271574	0.4082149114738464	0.05931806760612604	0.07384038497647061	0.19835153069978587	0.2714223516964237	2.021418798009691	1.4392344644289354	1.565345625844223	2.3012538836587937	1.9233211463412223	2.0798390110538825	1.8846484500351073	2.4756167810103045	0.39225897818591304	0.1975942009071401	0.3174841750052376	0.33818679311336364	0.39046392527612456	0.10580318365368152	0.2042337210508473	0.11406435847623377	0.08673548617941229	0.10207132626181808	2.2395030126571713	1.474861103722178	2.1042998460604028	1.4514686184727332	2.2381113826758527	2.266529032557523	2.0181117545168212	2.3721822073634122	2.4111249036559608	0.4157959298612749	0.2230025144596698	0.2917133048045015	0.14859297421445528	0.3213502958309562	0.2149201858072223	0.7672191728439867	0.2108991489534176	1.725960639071048	1.7910057523156702	1.8016082025964282	1.9168136135008385	2.2716213145705515	2.1766965857642466	2.4792015539631245	1.8486319086971486	2.6124654374079865
ZAM2_s8_YZD	0.21943783542252762	0.12168928590968238	0.15738493828306666	0.010944283166301338	0.14861250732460382	0.05711980101382167	0.15092017224511675	0.0	0.21575537105023604	0.11764986659740101	2.203731189954893	1.7074724270201131	2.045991102708748	1.8670887466676624	2.1107164884397656	2.271994354678433	1.9893819648238675	2.3226740125400998	2.0690481401440257	0.047775738690784546	0.24366321680339692	0.24325601047575812	0.07224519253269761	0.06569353121255059	0.3029919424299254	0.09841440895035845	0.12596668474740844	0.049554808973212905	0.1620244330470401	1.887546434507053	1.302978886541807	1.4381410709035356	2.16205196944689	1.792725553783916	1.9535092402477436	1.7603583175329194	2.3425286681034723	0.2517343992246078	0.12291918397172619	0.27138360863338434	0.217423920936825	0.3315682152365461	0.10948822834750037	0.21634957133417682	0.038752722100646425	0.21180781325748577	0.24694538603292088	2.113753199321441	1.3420909155044756	1.9740000390506547	1.3141736071272712	2.0976150571932943	2.128053966708988	1.8870304818269612	2.241609676388203	2.281857900664157	0.3087431279448685	0.17164378432893837	0.15556832929626374	0.19579917787607243	0.2832066007373252	0.26767094020408894	0.649632124180564	0.19292223663923877	1.5870464545703133	1.6586623648895498	1.6769796661639753	1.787921318775241	2.14649083746676	2.0482884673131228	2.345530803426766	1.721485138245533	2.4790095645778467
ZAM2_s9_YZD	0.2927751382943083	0.15074579691233272	0.05855023671590699	0.22134318897790203	0.2616779886901601	0.27281322116796386	0.07282245304778925	0.21575537105023604	0.0	0.11764865995541952	2.361991528427433	1.8787475318285556	2.201429808442512	2.0285830087612533	2.2944513172890084	2.4602860483183515	2.1504241038394807	2.481967986057097	2.232670761763473	0.22170503768119526	0.08935055449001844	0.40954331532885213	0.27349474535787216	0.26302658455205635	0.48082243407505654	0.11750764675080365	0.14359338261780016	0.26483220748336717	0.34421683059097524	2.0595281341218064	1.480186368854723	1.5987579592698618	2.3439677111194044	1.9588273531507554	2.111825996013558	1.9153514489753365	2.512680788978422	0.4428138904205176	0.2701609873844529	0.3239510900057239	0.37875172667288937	0.3982176747318306	0.17739950457366732	0.2638785851089021	0.17718408563569057	0.11230649600910124	0.031207367420838277	2.2708806056745154	1.5128118365282823	2.1393680644484214	1.4933147169336582	2.2821476079578034	2.3085675548910545	2.053902418572758	2.407230615632037	2.4450896796941333	0.44626663364994573	0.2427958531843133	0.34227550876135066	0.20404496637846764	0.38667240940726116	0.25954236440761363	0.7974025188867709	0.27684311980076237	1.76890145295861	1.828100902962382	1.8326846005406494	1.9509753691181815	2.3024985803369824	2.2101886254213388	2.5167613025173377	1.881532914217203	2.6497549629186476
ZAM2_s10_YZD	0.27930460444207345	0.13065311399160334	0.07094229730484224	0.12655938347798887	0.14796583861398424	0.17067646426007177	0.04487035701303489	0.11764986659740101	0.11764865995541952	0.0	2.313827934558681	1.8208073222644423	2.15519318416154	1.97793801577185	2.226804688990834	2.388807864574265	2.1001678270146265	2.433111178055659	2.180578282583222	0.10862357867237274	0.12617834024341454	0.29255288956555203	0.1612575969260413	0.15036071142297866	0.3633629541258283	0.05205322226974287	0.03534153050534871	0.1617037971380937	0.22675809412709988	2.001132034919172	1.4174720009123474	1.5484361266665825	2.2778275264919983	1.9047872081241435	2.0635033536113623	1.8692551838887341	2.455824628828564	0.36699606257195977	0.15277417248191383	0.3242307366385486	0.3213302311929512	0.3949060253980198	0.06220904646746926	0.17070430859287464	0.08563240247047639	0.09606763143264394	0.14642205851735726	2.2234835582051575	1.4550554649342773	2.085955168196196	1.429098738932811	2.2138355234021057	2.2435594663087683	1.9993404221978772	2.3537352281173893	2.3933646607499375	0.40493931035015374	0.22461939943187004	0.26795251547063603	0.12149227410980075	0.28160704496271616	0.19366194745790785	0.7539537097182855	0.17161058149086267	1.7026543214321368	1.7715145505209708	1.7860291504223724	1.899158704147859	2.2559098910886446	2.1593398976566385	2.459085903683163	1.8318383885492224	2.5924829784732606
ZAM2_s11_OZD	2.071885013898783	2.2127604650684796	2.3156084029795525	2.193204957745888	2.310917442413373	2.1656954781939572	2.3301716119145284	2.203731189954893	2.361991528427433	2.313827934558681	0.0	0.5252867466620692	0.16466418198251362	0.3385078265174871	0.4447313926098266	0.5559756888645044	0.2171080011251979	0.12065973476377662	0.15580270613139932	2.237065501657381	2.4293469892068718	2.252515724031358	2.2012186540856056	2.209786427207243	2.2215904403093707	2.271804832289838	2.3292526514673035	2.174634397993719	2.2206223769378357	0.37396905766907157	0.9261587903979198	0.7655901567684348	0.40767594899214604	0.4229786563928779	0.250340305532193	0.4475740625330942	0.24704714222315075	1.9542229930386494	2.2718966797471767	2.0510498626296516	1.9928362695345845	1.9807921339348538	2.3115199884248856	2.392513276301364	2.2289837583561036	2.4095836894534806	2.3863372679508728	0.09221222353244403	0.8710857092884488	0.2507009451987644	0.9228897979954707	0.4613981222790758	0.3821053241498887	0.33804338982592064	0.12596679110537948	0.11374489090846925	1.916188996515632	2.1194447569504544	2.0482266920668897	2.393783533543519	2.3735799103469817	2.4580947599667944	1.5645952417005438	2.353977882475383	0.6990271660687627	0.5627151604214824	0.5295181527496498	0.4193345271725514	0.06773321181353754	0.16339981280840488	0.2649493353954529	0.48230492459828467	0.3552720334055578
ZAM2_s12_OZD	1.594635638404256	1.7281296137028905	1.8291198568775187	1.6972552114825656	1.806113329529162	1.6658786793916462	1.840853505795006	1.7074724270201131	1.8787475318285556	1.8208073222644423	0.5252867466620692	0.0	0.39703325899698205	0.20415764956824298	0.45686841357120045	0.6448542964402575	0.31182283983933146	0.6354039564623707	0.37460841251500443	1.7377525388453408	1.9403568994291047	1.738930663945254	1.6988998245169962	1.707991862645197	1.7045970595865259	1.781755558377911	1.8334387924843998	1.6750032964284483	1.711774628895968	0.18082200993082953	0.40853309546540734	0.3030383720444432	0.4914600188406352	0.10867437376599325	0.29843093217380945	0.21431607671065456	0.6350606067946538	1.4559344756566595	1.7671772260322351	1.579993826801314	1.5028137304495697	1.5135837626153816	1.813242121345516	1.8874453673249205	1.7352655519849203	1.9168732641008246	1.9048899264095476	0.44699561602255	0.36603087077248575	0.2767892379359637	0.4020664467346975	0.45176625913948076	0.4502616061279409	0.1878896457131593	0.5384442484567818	0.583459748756509	1.433421530559402	1.638704694107415	1.553062298992796	1.8930626504654786	1.8608140765548338	1.954560846291368	1.0875181750559755	1.8478569419046644	0.18762266871760513	0.05546682677995602	0.20007743643377746	0.13417567504728686	0.48317258723799	0.36189718239100416	0.6383523480480223	0.1462442485635247	0.7716842186517489
ZAM2_s14_OZD	1.910712315140802	2.0525812976462032	2.1556517288604358	2.0354008034864477	2.1555556298726546	2.008954897544883	2.170738388932991	2.045991102708748	2.201429808442512	2.15519318416154	0.16466418198251362	0.39703325899698205	0.0	0.19503919218648186	0.46950343392221183	0.6217595848372677	0.09648310139229219	0.2849278747068987	0.12341259879640012	2.0800922881986144	2.2697537404133628	2.100956598801429	2.045177379986763	2.0535721222704493	2.072103842048121	2.1125800103148196	2.171257067632326	2.017829388400351	2.0668934137191295	0.28432352011635875	0.7819984568237742	0.6090617476043834	0.4524671398862682	0.2888439811155539	0.0996342075175313	0.2861219266271259	0.38502000858940416	1.7973724174212076	2.116552278254314	1.8891035076902294	1.8339613770165022	1.8184943760711068	2.1541766307398285	2.237151026752066	2.070602637263066	2.2507825177485614	2.2254673663337963	0.07288177801269942	0.7218790926081718	0.15868193173854866	0.781152176403528	0.4812550857208344	0.4153046693609906	0.22384294253894038	0.25487501043186594	0.2682267098091635	1.756075064661689	1.9587326163784593	1.890425197837548	2.237034889475066	2.221451973514958	2.302148117870009	1.404258592012906	2.1990323378255	0.5814890910120357	0.42530530432263186	0.3691715752489719	0.27494047550771783	0.10118294941546777	0.09410594332145672	0.39948822284721425	0.3281875419522686	0.508425458068504
ZAM2_s15_OZD	1.7398127534464758	1.8788310989333679	1.981294117167798	1.8566170877871195	1.9729257242784048	1.8283803609185048	1.9951588289568472	1.8670887466676624	2.0285830087612533	1.97793801577185	0.3385078265174871	0.20415764956824298	0.19503919218648186	0.0	0.43944859005320375	0.621955011286632	0.12230895439351434	0.4559314817268589	0.2054502145100334	1.8998724180350823	2.0944902296836876	1.914029317062286	1.8635260753443113	1.872175303614759	1.8834045986639132	1.9365692652722841	1.9927748266393979	1.837355168673899	1.8822275157839112	0.15238305190011267	0.589476949441972	0.4298899401049619	0.4488081684836102	0.09553558069741228	0.09543861271153144	0.13834715442171866	0.49901129092739005	1.617042078561721	1.9339045028099238	1.7207837285284229	1.65735060482349	1.651587006336435	1.974550712344696	2.0545103698710543	1.892882616281615	2.073826108221154	2.053451713337523	0.2523628339613177	0.5326689558067951	0.1220174616399003	0.5876012174537468	0.4434851385235569	0.405210459976141	0.07855236687116135	0.38191701854567484	0.41669197259387014	1.582375166398388	1.78645577830196	1.7116930775671721	2.0564177247363418	2.035073301507792	2.1203129378002488	1.231543950391142	2.0158441217059253	0.39106104129969477	0.2302827742460577	0.20653267283848945	0.08118240857723887	0.2876417020960675	0.18160658206599842	0.5075568500209937	0.14763883493399302	0.6348611406579525
ZAM2_s16_OZD	2.0181833843170676	2.143921995895204	2.2421298285372333	2.1010079212302286	2.195744689507439	2.064850282823835	2.2508186632941056	2.1107164884397656	2.2944513172890084	2.226804688990834	0.4447313926098266	0.45686841357120045	0.46950343392221183	0.43944859005320375	0.0	0.18925853369449297	0.39851786125763805	0.4764661813342485	0.3475679871526539	2.136577303278671	2.349770821113551	2.11163515075931	2.093790039426608	2.1035678774838558	2.0684179069653483	2.1915068427166404	2.235890736963427	2.0741243290838702	2.095224205873244	0.3047739927081933	0.8171937061702872	0.758697020850436	0.06159267611425842	0.43363867813567675	0.4456076571387579	0.5689010632145507	0.34015587788380747	1.859822356166551	2.1574031765052264	2.0082741751515694	1.9157713503693568	1.9450636754415944	2.2126614299728367	2.2757304673495184	2.14132817161684	2.3223138180872342	2.322019326982646	0.4455751422470929	0.7980186946549405	0.3422470713376264	0.8022641995114884	0.020094214431244713	0.06349601583953744	0.3640043277463465	0.3471077476687843	0.4003887886981048	1.8542334693163183	2.0589181108137757	1.9595508378557893	2.288187228152152	2.233971359741338	2.3447096728507906	1.5179566578404657	2.234742844324862	0.5257879527279318	0.5122408806958045	0.6121512664904742	0.46799891784783415	0.4658305741881745	0.3754310363153526	0.32883488018341245	0.5419035558187629	0.4407122979276658
ZAM2_s17_OZD	2.1880187763912784	2.310192925081735	2.4069748565200473	2.26252418311289	2.3512786384915327	2.2246021739747337	2.414378721863322	2.271994354678433	2.4602860483183515	2.388807864574265	0.5559756888645044	0.6448542964402575	0.6217595848372677	0.621955011286632	0.18925853369449297	0.0	0.5651970533666678	0.5483680018025322	0.49878379879147644	2.2959950985704705	2.5128293047363983	2.2609221615359183	2.2518145704392594	2.261823634969274	2.214520138384986	2.3551531772864163	2.3964218457605866	2.2338987083338675	2.2487609058851215	0.4931224573330001	0.9907389628561579	0.9453978287669219	0.1745171926021106	0.6222237073000084	0.6159794640315346	0.7546550731386784	0.3691759017145324	2.022360852431977	2.313326921765962	2.1801247858099293	2.0816293071523404	2.1184276810580047	2.3720441946205604	2.430418653947508	2.3036334653673327	2.483801938422221	2.4883892479059573	0.582612167258484	0.977525882455545	0.5157345192345079	0.9740953505066963	0.19309242940031834	0.21730018079638963	0.5488891406640016	0.43629432425241815	0.4781720142977521	2.023441960685877	2.2272569365420063	2.1226844773884226	2.445577478341863	2.3828449596735086	2.4998960517533835	1.6921721407918648	2.3890319834810043	0.6980806910954555	0.7000548506651736	0.8006699872044283	0.6556970396344245	0.5944255541334479	0.5306241840200164	0.3508313458122511	0.7304363712375801	0.4137533595855382
ZAM2_s18_OZD	1.8613564763189492	2.0007612933099286	2.103297334064908	1.9789068972333803	2.0951523818863103	1.9506871289579524	2.117274458036451	1.9893819648238675	2.1504241038394807	2.1001678270146265	0.2171080011251979	0.31182283983933146	0.09648310139229219	0.12230895439351434	0.39851786125763805	0.5651970533666678	0.0	0.3336830504397217	0.08959407074901816	2.022181166347977	2.216585498374916	2.0356460307246667	1.985806931088136	1.9944646647760902	2.004508625262177	2.0587153623513346	2.115058577721523	1.9596627766784247	2.004259038840183	0.18784144344644385	0.7091612299938838	0.5519335345088039	0.39141883781759196	0.20675641721910076	0.05357757879643114	0.2456937998377641	0.3871409933609456	1.7393510309052973	2.0561315248439946	1.841907723739899	1.779522101338695	1.7724376187678683	2.0968578357906993	2.1767332031329403	2.0151329635121176	2.196042812496963	2.175191624551505	0.1351764600026684	0.6541732006772547	0.06457786752940033	0.7062115214017078	0.407769441295912	0.3506526841170201	0.13015353619515582	0.26441721119332634	0.29568457766024975	1.7042640163294174	1.9081979043079709	1.8339776771351304	2.178722088725791	2.156800257123296	2.2425796061692647	1.3532362590948952	2.138026960819444	0.4922176876946808	0.34636568717460264	0.32284652692241567	0.20249835956023107	0.1713740530179163	0.06068789593786224	0.39774716447923947	0.26891105377886804	0.5205803805634299
ZAM2_s19_OZD	2.192069554961463	2.332617947203113	2.435381279845908	2.3121750164214414	2.42883523299828	2.284233382056023	2.4497550360811737	2.3226740125400998	2.481967986057097	2.433111178055659	0.12065973476377662	0.6354039564623707	0.2849278747068987	0.4559314817268589	0.4764661813342485	0.5483680018025322	0.3336830504397217	0.0	0.2608027134487935	2.355688826004928	2.5489812104038445	2.3686967264614207	2.3194533638412667	2.328093734087359	2.336780110861392	2.391316378487489	2.4482819789142467	2.2931977144300952	2.3378258842073296	0.47331983573030184	1.0402187486918784	0.8846801471425608	0.4276440027475811	0.5366113032274851	0.37015068609235025	0.5681103241036881	0.18996203854087984	2.07284657633803	2.389814341320171	2.1714473026346535	2.1122484570484437	2.10127420405409	2.4302859654469064	2.5104162390618403	2.3481778126040633	2.528921787126175	2.506412442080533	0.21282472214251896	0.9873641549677425	0.3586153482635557	1.035908096125493	0.4953791219300306	0.41333649040661685	0.44756188425479937	0.13098498982898263	0.07610510545733659	2.0360496034815325	2.2394847444489425	2.167217240137719	2.512288784825736	2.489997107097123	2.5762444162842684	1.6845680040892284	2.4717022745661326	0.8025202009261106	0.6758517796642359	0.6498290525795233	0.5360611884366161	0.18523374387981428	0.2762635191993762	0.21011592843019072	0.6012752282731222	0.2610659523774234
ZAM2_s20_OZD	1.944430341397799	2.082723653308886	2.184970515373118	2.0586393309725635	2.172638513707642	2.02948727143649	2.1984299429812486	2.0690481401440257	2.232670761763473	2.180578282583222	0.15580270613139932	0.37460841251500443	0.12341259879640012	0.2054502145100334	0.3475679871526539	0.49878379879147644	0.08959407074901816	0.2608027134487935	0.0	2.1011326495517104	2.2978334851897784	2.109993602425712	2.063964249757517	2.0727665999211533	2.077209800567117	2.139710771954233	2.1948676955130186	2.038512870251072	2.080424591674499	0.2181739596184939	0.7803513850061347	0.6340488603154372	0.32905631283934755	0.2775605423848313	0.14121971434257566	0.33466329720546456	0.29758328466448397	1.8184375882017167	2.133630891061889	1.9258240706581882	1.8604097555919727	1.8568012606574547	2.176087102057926	2.254163794913696	2.0953675198012016	2.276547272968729	2.2577382427352535	0.10613044566940705	0.729669634586746	0.09782212925945184	0.7755294880944062	0.36015430483679567	0.2921886946021208	0.18681714388806758	0.17657236806529214	0.21281013734581203	1.7864070495934576	1.9907624227341703	1.9138274147932346	2.257364599576829	2.2315258302170036	2.3204753014578903	1.4360114761087155	2.2151254166793906	0.544211570926656	0.4159073206541313	0.41022449441772935	0.2817013341641738	0.1364808744174344	0.033828954744180975	0.30817330591752407	0.3530367784930954	0.4314930421394061
ZAM2_s21_YZA	0.26708959727135606	0.1584221258905158	0.16631345566399033	0.05748674184879266	0.10084822416735464	0.0719361502332141	0.15047013339685997	0.047775738690784546	0.22170503768119526	0.10862357867237274	2.237065501657381	1.7377525388453408	2.0800922881986144	1.8998724180350823	2.136577303278671	2.2959950985704705	2.022181166347977	2.355688826004928	2.1011326495517104	0.0	0.23134836885173557	0.20613019219291787	0.05263576970983852	0.04177350224670783	0.2708945157135776	0.11188150298741636	0.10295830788532735	0.06276005293285943	0.12906956504368153	1.9174519453900654	1.3319586251354023	1.4716091006506988	2.188536785890435	1.8243765220725199	1.9870025621332017	1.7947933751497434	2.37265839359892	0.282846108839702	0.0766806509085836	0.3188904057469474	0.2588694234074161	0.3793249902671882	0.07609005705189723	0.1708211791811645	0.064543530160239	0.19278007416428708	0.25204106471096466	2.147414529956825	1.372999150331088	2.005695075063286	1.3424933160038501	2.1231884800406355	2.155051659880604	1.91838967852796	2.2730553300453327	2.3139080757652	0.35219237049358576	0.21854194372507676	0.19252325297222928	0.15715973750734902	0.23627535102921474	0.2261458630512865	0.6881374036852028	0.145471371083762	1.6140469310416867	1.689523475694782	1.7113333504844497	1.8203788194843107	2.1803928600357874	2.080828991040027	2.375345855778972	1.754761368781856	2.508896208515698
ZAM2_s22_YZA	0.3698648318593857	0.21942941128192545	0.11582656462979325	0.2522385721634893	0.234395308009872	0.2966433385571523	0.09950710655294294	0.24366321680339692	0.08935055449001844	0.12617834024341454	2.4293469892068718	1.9403568994291047	2.2697537404133628	2.0944902296836876	2.349770821113551	2.5128293047363983	2.216585498374916	2.5489812104038445	2.2978334851897784	0.23134836885173557	0.0	0.38596602092631077	0.2831690179453658	0.2721532113875893	0.4593593966646967	0.15866225037715	0.13035337256078272	0.2875882085591821	0.33456731558509156	2.120916792498801	1.538601575966356	1.6646521274846926	2.400353776544785	2.0227891616853784	2.1790230342923778	1.983646530320552	2.575123884965682	0.4904690932412026	0.2551617527336007	0.40580321664238994	0.4376817567686554	0.4798794849115475	0.16424324796711226	0.21005569013503894	0.2096466531346373	0.04811806543615102	0.08978165270729967	2.3386179862218444	1.5743667231849623	2.20375115831786	1.550746554308878	2.3369901775677984	2.3657256749778357	2.11759277037229	2.4716376798051565	2.5105140569526596	0.5141700693501091	0.31701209514552303	0.3902770504027372	0.14962916661443032	0.33791810766683766	0.1868968063363968	0.8659003613647547	0.23455442445756902	1.8250688833005113	1.8905118923226434	1.900654324709418	2.016202402478706	2.370669071653891	2.2760409091598537	2.5787057709398	1.947905665400418	2.711971756773213
ZAM2_s23_YZA	0.4461691844725638	0.3634067342961801	0.3615170663381376	0.2479663905012047	0.15174134707009596	0.2118255541741607	0.3372643798605646	0.24325601047575812	0.40954331532885213	0.29255288956555203	2.252515724031358	1.738930663945254	2.100956598801429	1.914029317062286	2.11163515075931	2.2609221615359183	2.0356460307246667	2.3686967264614207	2.109993602425712	0.20613019219291787	0.38596602092631077	0.0	0.17303284885096856	0.17778681597027876	0.07346507740920323	0.3142813116591098	0.2669558683939846	0.2111191924673282	0.08277553407907272	1.9152156235279905	1.330477218098824	1.4935142378359576	2.166504865030651	1.8325486579978072	2.0047730778991224	1.8195251039750142	2.3691420566722785	0.354033766420858	0.13999173687394592	0.4986094335856904	0.38187667217491944	0.5457742802511003	0.23228969931922996	0.1990905522031006	0.27037256014505645	0.33821481661448655	0.4366723488122698	2.165268928194914	1.381472878086055	2.012887529147768	1.3373489782405819	2.0968628727050986	2.135849874419501	1.9242401504995388	2.2773697339318004	2.3214862325664307	0.47516012014707987	0.4069003846270845	0.3108171373569285	0.2455346010154012	0.12242981224136025	0.265181522050116	0.7579162000950188	0.160254269246019	1.5988077327128227	1.6943364092334718	1.7362254285508967	1.833205834711802	2.1995190832821514	2.092442349489018	2.3700855039345026	1.7728725817508748	2.5034655096775507
ZAM2_s24_YZA	0.27725258234861333	0.1939340369659209	0.21717440130181614	0.07544946256525129	0.11345473518646382	0.04584992558753469	0.20284001626379988	0.07224519253269761	0.27349474535787216	0.1612575969260413	2.2012186540856056	1.6988998245169962	2.045177379986763	1.8635260753443113	2.093790039426608	2.2518145704392594	1.985806931088136	2.3194533638412667	2.063964249757517	0.05263576970983852	0.2831690179453658	0.17303284885096856	0.0	0.011016389165341057	0.23082884121587147	0.16065868291631874	0.15357171918179915	0.04132221194152773	0.0906983613268742	1.8781719691735956	1.2921163254830141	1.4362493951236264	2.146222662149558	1.7868548397196582	1.951416380341495	1.7603881449662246	2.333461469291736	0.24940845679543341	0.07636750538822944	0.3299179971526647	0.2412161306103615	0.38331037424307596	0.12313896965950615	0.1936944580034351	0.10569880582087864	0.24315431040937574	0.30405845852104074	2.111966370492827	1.3349679528266987	1.968151207175562	1.3020531931351709	2.0801858266006663	2.1131563132325044	1.880532444355318	2.2351762223635	2.2766434033330696	0.33692559591407467	0.23487807509818584	0.16997491633487066	0.19461736310292854	0.22955952516294667	0.2569727492781669	0.6607794659280248	0.15963183285176757	1.5723351521266136	1.651260926046538	1.6768706848298272	1.7837101423360744	2.1452127054297048	2.0441536886282545	2.3358520070638176	1.7190248977331024	2.469440748348069
ZAM2_s25_YZA	0.2759372609514777	0.18705373598289696	0.20696779214160724	0.07024235228137311	0.10738184033093041	0.04935367164930862	0.1921451076271574	0.06569353121255059	0.26302658455205635	0.15036071142297866	2.209786427207243	1.707991862645197	2.0535721222704493	1.872175303614759	2.1035678774838558	2.261823634969274	1.9944646647760902	2.328093734087359	2.0727665999211533	0.04177350224670783	0.2721532113875893	0.17778681597027876	0.011016389165341057	0.0	0.2376157098888074	0.15090407427349528	0.1425907855607209	0.043027990239847165	0.09633592113287587	1.8873442227161623	1.3013668568811982	1.4447020760928855	2.1559220220496584	1.795712944055725	1.959930598479295	1.768680586254924	2.3426282363501523	0.2571091885068374	0.07179693096886063	0.32855311786213137	0.24561480631208907	0.3835185668153517	0.11238393094768756	0.1865702436306939	0.09713446984918991	0.2322101707954718	0.2935144326384289	2.120459831594174	1.3438990123470402	1.977018325217563	1.311409022718041	2.089999336695026	2.1227845240433343	1.889453141144134	2.2441089026066536	2.2854674858814734	0.34105687412783725	0.2321266065640407	0.17510345265053945	0.18519429883366423	0.22834662880681453	0.2487242825093111	0.6676068822157851	0.15382660154888705	1.5819206600642715	1.6602467771584848	1.685170370470338	1.7924150083650252	2.1536583071895206	2.0528671200388198	2.3450706988883785	1.7275588396305324	2.4786547332501714
ZAM2_s26_YZA	0.49206633970923314	0.4246211742407937	0.43121220910257324	0.306062018087414	0.22502697696911841	0.2631477985189997	0.4082149114738464	0.3029919424299254	0.48082243407505654	0.3633629541258283	2.2215904403093707	1.7045970595865259	2.072103842048121	1.8834045986639132	2.0684179069653483	2.214520138384986	2.004508625262177	2.336780110861392	2.077209800567117	0.2708945157135776	0.4593593966646967	0.07346507740920323	0.23082884121587147	0.2376157098888074	0.0	0.38157452230152017	0.3391032248848611	0.2644698982219915	0.14200910893827412	1.8793326364410243	1.2968761440774212	1.4668339448039323	2.1240545005653937	1.8001935060892509	1.9751133521175535	1.7926513238019028	2.3319890531858296	0.3669687863890007	0.21066167356767498	0.5435786410048348	0.41026972205661105	0.5840577403014118	0.30412296389185745	0.27015498411228345	0.3337135134003454	0.4116493950584645	0.508494124999741	2.1352940588289013	1.3508521244761165	1.9797743967855503	1.3025381061241754	2.0532639477695738	2.0942978219675235	1.8909029856997421	2.242822449140235	2.287902847559342	0.4989495426155584	0.4577663069326963	0.34308534784616673	0.31859428484091523	0.17488667588366036	0.33404324002639557	0.7546248391128721	0.23262038443428643	1.559764220704241	1.6613025076272578	1.7096556864419765	1.8023594030158245	2.169895100525848	2.060582291989515	2.3323908256531283	1.7439331958816155	2.4655259847060957
ZAM2_s27_YZA	0.2278102710925516	0.07868253887098654	0.05901333651757588	0.1038418644513011	0.18153101977678218	0.15553259941584913	0.05931806760612604	0.09841440895035845	0.11750764675080365	0.05205322226974287	2.271804832289838	1.781755558377911	2.1125800103148196	1.9365692652722841	2.1915068427166404	2.3551531772864163	2.0587153623513346	2.391316378487489	2.139710771954233	0.11188150298741636	0.15866225037715	0.3142813116591098	0.16065868291631874	0.15090407427349528	0.38157452230152017	0.0	0.08476350853604105	0.14776565776551878	0.2404000901814381	1.9622951228207066	1.3799629432758402	1.506806442498095	2.241935860909917	1.8644608908086275	2.021465640276755	1.826520251767233	2.4165663175681185	0.33320670382451906	0.17598656226963583	0.2722295979718996	0.2793144257843146	0.3431819677593372	0.10047960076463518	0.21782635186821314	0.05972566786148907	0.1397995276344327	0.1487150132017016	2.181217748234898	1.415782157269247	2.045480429818364	1.392167596476474	2.1788070798198684	2.207216047513022	1.9592122117058073	2.3133504680171826	2.3524304083397887	0.3588266797964179	0.173090120339968	0.23255674820915512	0.17243115349800633	0.32033449571498834	0.24535093963515184	0.7096017552872371	0.21279199771075147	1.6666426441377993	1.7319830796985491	1.743423442575206	1.8581260681637386	2.2134204378461044	2.1180828396072493	2.4201074188397653	1.790135588717992	2.553390803525604
ZAM2_s28_YZA	0.3084926197809142	0.1631058473510825	0.1038607318325713	0.13625295320148662	0.11809645839122354	0.17233526059344273	0.07384038497647061	0.12596668474740844	0.14359338261780016	0.03534153050534871	2.3292526514673035	1.8334387924843998	2.171257067632326	1.9927748266393979	2.235890736963427	2.3964218457605866	2.115058577721523	2.4482819789142467	2.1948676955130186	0.10295830788532735	0.13035337256078272	0.2669558683939846	0.15357171918179915	0.1425907855607209	0.3391032248848611	0.08476350853604105	0.0	0.16304881563056678	0.20706466401826798	2.0135053310453492	1.4288501810614547	1.5636763202035344	2.2874287948603698	1.918615172033173	2.078995027792985	1.8855138166956589	2.4684946162748216	0.3776378444659224	0.12931588887443632	0.3549679861217011	0.3393212907590475	0.4244260013957244	0.0353602894594475	0.1353628508019066	0.10216255940455896	0.08983242315601216	0.1697921313286914	2.2391745108210075	1.4680492209650915	2.0998797005404435	1.4399464076006436	2.2226872744434076	2.2535739247479096	2.0129492372847655	2.3675137278004033	2.4076777577691058	0.4263805651462585	0.25410451153595204	0.28108215202281156	0.0877343239323452	0.24794844410864764	0.1611912459508049	0.7726232922633486	0.13758688236701558	1.7125432470443658	1.7846186596921128	1.8021777798574896	1.9136822964366629	2.2718253812009377	2.174021502813982	2.471488862870023	1.8470515849885603	2.6049706609895553
ZAM2_s29_YZA	0.23658239973229717	0.1651850473850364	0.2066253011298571	0.046832387859490385	0.14938899363198538	0.009300073684071502	0.19835153069978587	0.049554808973212905	0.26483220748336717	0.1617037971380937	2.174634397993719	1.6750032964284483	2.017829388400351	1.837355168673899	2.0741243290838702	2.2338987083338675	1.9596627766784247	2.2931977144300952	2.038512870251072	0.06276005293285943	0.2875882085591821	0.2111191924673282	0.04132221194152773	0.043027990239847165	0.2644698982219915	0.14776565776551878	0.16304881563056678	0.0	0.12834945701478606	1.8546935750457154	1.2692039861361988	1.4092371362034946	2.1259949239189377	1.7617150367186516	1.9246101623726035	1.7326272781858136	2.3099024700947175	0.22045921027085935	0.11474831345557399	0.28924083720623667	0.20315493661261	0.34199761696964504	0.13864130426145752	0.22685766629402593	0.08825959126733467	0.25213140754878977	0.295981689447725	2.085051106102891	1.3102865838113524	1.943034447496908	1.2797629187793873	2.060781439830158	2.0924462700387148	1.8556998748344118	2.2103679095473208	2.2512805979510544	0.29835880553293803	0.19578194078860728	0.13355284266671566	0.21920550508274453	0.2706720558143478	0.2863297517923943	0.6280464536973139	0.19587806525684617	1.5514291787233196	1.6268015634964583	1.6491510809670245	1.7578147215746744	2.1180804639339366	2.0182697717678377	2.312586074878555	1.6923357882829555	2.446136776455662
