# Colors gathered from http://tsitsul.in/blog/coloropt/
# on August 28, 2020
# Other ref - https://gist.github.com/xgfs
xgfs.6 <- c('#4053d3', '#ddb310', '#b51d14',
            '#00b25d', '#fb49b0', '#00beff',
            '#cacaca')

xgfs.12 <- c('#ebac23', '#b80058', '#008cf9',
             '#006e00', '#00bbad', '#d163e6',
             '#b24502', '#ff9287', '#5954d6',
             '#00c6f8', '#878500', '#00a76c',
             '#bdbdbd')

xgfs.6.bright <- c('#efe645', '#e935a1', '#00e3ff',
                   '#e1562c', '#537eff', '#00cb85',
                   '#eeeeee')

xgfs.6.dark <- c('#005900', '#000078', '#490d00',
                 '#8a034f', '#005a8a', '#443500',
                 '#585858')

xgfs.6.fancy <- c('#56641a', '#c0affb', '#e6a176',
                  '#00678a', '#984464', '#5eccab',
                  '#cdcdcd')

xgfs.6.tarnish <- c('#274d52', '#c7a2a6', '#818b70',
                    '#604e3c', '#8c9fb7', '#796880',
                    '#c0c0c0')

cb_pal.12 <- c('firebrick', 'royalblue', 'goldenrod',
               'plum1', 'navy', 'olivedrab2',
               'burlywood', 'maroon', 'cadetblue',
               'palegreen', 'rosybrown', '#4f5157')
